date,open,high,low,close,volume
2021-10-05,117056.59,119435.79,115153.23,117532.43,1158497
2021-10-06,119435.78,119911.62,113249.87,114201.55,1599552
2021-10-07,115153.23,118959.95,114201.55,118008.27,907601
2021-10-08,118959.94,119435.78,113249.87,114201.55,1407749
2021-10-12,115153.23,119435.78,113249.87,118008.27,1793542
2021-10-13,116580.75,117056.59,113725.71,116104.91,943291
2021-10-14,117532.43,119435.79,116580.75,117532.43,950533
2021-10-15,118959.93,120863.29,118959.93,120387.45,743492
2021-10-18,121339.15,121339.15,117532.43,117532.43,716291
2021-10-19,118484.09,120863.29,117532.41,120387.45,600501
2021-10-20,120387.44,121339.12,118959.92,118959.92,579159
2021-10-21,119911.62,121339.14,118959.94,119435.78,571147
2021-10-22,118959.92,119911.6,117056.56,118959.92,360096
2021-10-25,117532.42,119911.62,116580.74,118484.1,554539
2021-10-26,118959.94,119911.62,118484.1,119435.78,706443
2021-10-27,119435.78,119911.62,115629.07,116104.91,912547
2021-10-28,116104.91,118008.27,115153.23,116104.91,842870
2021-10-29,118008.26,122766.66,113725.7,114677.38,2301006
2021-11-01,115153.22,116104.9,113725.7,114677.38,761704
2021-11-02,115153.22,118484.1,114677.38,117056.58,915388
2021-11-03,117532.43,118008.27,115153.23,116104.91,503633
2021-11-04,118008.27,119911.63,116104.91,116580.75,769589
2021-11-05,117532.42,118484.1,115629.06,117056.58,470484
2021-11-08,117056.59,117532.43,114677.39,116580.75,478858
2021-11-09,117056.58,118959.94,116104.9,117056.58,497844
2021-11-10,116104.9,117056.58,113249.86,113725.7,707984
2021-11-11,113249.86,113725.7,109918.98,111822.34,1137785
2021-11-12,112298.19,116104.91,112298.19,116104.91,734937
2021-11-15,116580.74,118959.94,116580.74,118484.1,521720
2021-11-16,118484.11,119435.78,117056.59,118008.27,565313
2021-11-17,118484.1,118959.94,116104.9,117056.58,524897
2021-11-18,117532.43,118008.27,116104.91,116580.75,480336
2021-11-19,121814.97,130855.92,121339.13,127049.2,4928339
2021-11-22,127049.22,129428.42,125145.86,127525.06,1670033
2021-11-23,126097.54,126573.38,120863.3,121814.98,1329955
2021-11-24,120863.31,123718.35,119911.63,122290.83,988988
2021-11-25,122290.82,122766.66,118959.94,119435.78,675145
2021-11-26,119435.78,120387.46,115629.07,116104.91,872482
2021-11-29,112298.18,116104.9,112298.18,113725.7,933062
2021-11-30,114677.39,116104.91,109443.15,109918.99,1809765
2021-12-01,110870.67,114201.55,109918.99,114201.55,851165
2021-12-02,112298.19,116104.91,112298.19,116104.91,725845
2021-12-03,116104.91,117056.59,113249.87,116104.91,780951
2021-12-06,115629.07,118959.95,114677.39,118008.27,819472
2021-12-07,118008.26,119911.62,115629.06,119435.78,720765
2021-12-08,121339.15,121814.99,116580.75,117532.43,1043122
2021-12-09,116580.74,118959.94,116104.9,117056.58,1151051
2021-12-10,116104.91,119911.62,115629.07,119911.62,671405
2021-12-13,123242.5,128952.58,122766.66,127525.06,2612253
2021-12-14,126097.55,127049.23,121814.99,122290.83,1506380
2021-12-15,122290.81,124194.17,120863.29,123242.49,855372
2021-12-16,125145.84,126097.52,122766.64,123718.32,705254
2021-12-17,121814.97,125145.85,121339.13,123242.49,944383
2021-12-20,122290.82,122766.66,119435.78,119435.78,864094
2021-12-21,120863.31,124670.03,120387.47,124194.19,993693
2021-12-22,125621.69,126097.53,122766.65,123242.49,703187
2021-12-23,124194.18,132283.46,122290.83,130380.1,2564334
2021-12-24,130380.1,131331.78,127525.06,129904.26,1170212
2021-12-27,129904.25,133235.12,128952.57,131331.77,958151
2021-12-28,132283.45,132759.28,130380.09,131331.77,1186045
2021-12-29,132624.5,135497.23,132145.71,134539.66,1104635
2021-12-30,134060.89,134539.68,132145.73,132145.73,703821
2022-01-04,136933.59,138848.75,134060.86,135976.02,1419997
2022-01-05,135976.05,135976.05,131666.95,132624.53,965541
2022-01-06,130230.56,133103.3,128794.2,129272.98,1038777
2022-01-07,130709.33,132145.7,129272.96,131666.91,808243
2022-01-10,129751.76,130230.55,123527.51,124485.09,1784965
2022-01-11,124006.31,125921.46,122091.15,124963.88,985952
2022-01-12,125921.46,132624.51,125442.67,131188.14,1757579
2022-01-13,133103.31,143636.66,133103.31,139327.56,5019347
2022-01-14,139327.54,144115.43,137412.38,139806.33,2850564
2022-01-17,138848.76,139327.54,133582.08,134539.66,1727769
2022-01-18,134539.68,135976.05,131666.95,132145.73,1340867
2022-01-19,130230.56,133582.08,129751.77,131188.14,1329933
2022-01-20,131666.93,134060.88,130230.56,134060.88,1103779
2022-01-21,131666.92,132145.71,125442.67,127836.61,1954318
2022-01-24,126400.26,130230.57,124485.1,128315.41,1502530
2022-01-25,128794.21,129751.79,124485.11,125442.69,1448593
2022-01-26,125442.69,125442.69,125442.69,125442.69,0
2022-01-27,124006.3,124963.88,117303.26,118739.62,1588541
2022-01-28,119697.21,122091.16,118739.63,122091.16,1048524
2022-02-03,124485.09,124963.88,120654.78,120654.78,1236485
2022-02-04,120654.79,122569.95,119697.21,122569.95,715127
2022-02-07,122091.16,122091.16,118739.63,119697.21,907137
2022-02-08,119697.21,119697.21,119697.21,119697.21,0
2022-02-09,119697.21,119697.21,119697.21,119697.21,0
2022-02-10,125442.68,125921.47,120654.79,123048.73,1304496
2022-02-11,121133.56,123048.72,120654.77,121133.56,640135
2022-02-14,118739.62,120654.78,116345.68,117782.05,982772
2022-02-15,118260.84,119218.42,115388.11,116824.48,828330
2022-02-16,119218.41,119697.2,117303.26,117782.05,679538
2022-02-17,117782.05,120654.78,117303.26,118739.62,1006830
2022-02-18,116824.48,118739.63,115866.9,118260.84,684818
2022-02-21,118260.84,118260.84,118260.84,118260.84,0
2022-02-22,118260.84,118260.84,118260.84,118260.84,0
2022-02-23,118260.84,118260.84,118260.84,118260.84,0
2022-02-24,119218.41,122091.15,117782.05,118739.62,1218895
2022-02-25,120654.78,121133.57,117782.05,118739.62,714011
2022-02-28,118739.62,118739.62,118739.62,118739.62,0
2022-03-02,117782.05,119697.21,116824.48,118260.84,678583
2022-03-03,119697.21,122569.95,119218.42,122091.16,799782
2022-03-04,122091.16,122091.16,122091.16,122091.16,0
2022-03-07,116345.69,116824.48,113951.74,115388.11,957534
2022-03-08,112994.16,114909.32,112036.59,112994.16,866699
2022-03-10,112994.16,112994.16,112994.16,112994.16,0
2022-03-11,114909.32,117303.27,114430.53,116824.48,648403
2022-03-14,116345.69,118739.63,115866.9,116824.48,842386
2022-03-15,116824.48,116824.48,116824.48,116824.48,0
2022-03-16,119218.42,119697.21,116345.69,119697.21,805188
2022-03-17,119697.21,119697.21,119697.21,119697.21,0
2022-03-18,121133.58,121133.58,118260.84,118260.84,959017
2022-03-21,118739.62,119218.41,116824.47,117782.05,578097
2022-03-22,117303.26,119218.41,116824.47,118739.62,628292
2022-03-23,119218.41,119697.2,117303.26,117782.05,755327
2022-03-24,116824.48,117303.26,114909.32,115866.9,742512
2022-03-25,116824.48,117303.26,114430.53,115388.11,629103
2022-03-28,114909.31,115866.89,113951.73,114909.31,477494
2022-03-29,116345.68,116345.68,114430.52,114909.31,601558
2022-03-30,115866.9,117782.05,115388.11,115866.9,750649
2022-03-31,115388.11,116345.69,114909.32,115388.11,687529
2022-04-01,114430.53,114909.32,112036.59,112515.38,1358388
2022-04-04,112515.37,112994.16,111079.0,112036.58,714473
2022-04-05,113472.95,113951.74,112036.59,112515.38,635707
2022-04-06,111557.8,112515.37,109163.85,109163.85,1301974
2022-04-07,108206.27,111557.79,107727.48,109642.63,1626623
2022-04-08,111557.8,117782.05,111079.01,116824.48,3064268
2022-04-11,119218.42,121133.58,117782.06,119697.21,2333625
2022-04-12,117782.05,120176.0,116345.69,117303.27,1383096
2022-04-13,118260.85,121612.37,118260.85,121612.37,1618670
2022-04-14,122569.94,123527.51,120175.99,120654.78,1540317
2022-04-15,120175.98,123048.72,119218.41,121133.56,1101269
2022-04-18,119697.2,120654.78,118260.84,119218.41,627153
2022-04-19,120175.99,122569.94,118739.63,119218.41,710036
2022-04-20,119697.21,119697.21,116824.48,118260.84,930835
2022-04-21,118739.63,120654.79,118260.84,119697.21,685827
2022-04-22,117782.05,118739.62,116824.47,117782.05,576346
2022-04-25,115388.12,116345.69,113951.75,113951.75,979122
2022-04-26,114909.31,116824.47,114430.52,116345.68,700343
2022-04-27,112994.16,115388.11,112994.16,114430.53,595523
2022-04-28,115388.11,115388.11,113951.74,115388.11,594286
2022-04-29,114909.32,115388.11,110600.22,111557.8,1980893
2022-05-02,110121.43,111557.8,109642.64,111557.8,513571
2022-05-03,112036.59,112515.38,110600.23,110600.23,618090
2022-05-04,111079.02,112036.59,110121.44,110600.23,532967
2022-05-06,109163.85,111079.01,109163.85,110121.43,471521
2022-05-10,106291.12,107727.48,104854.75,106769.91,809529
2022-05-11,106291.12,106769.9,103418.38,104375.96,1267614
2022-05-12,103418.39,104854.76,101024.45,101503.23,1191168
2022-05-13,101982.02,103897.18,101982.02,102939.6,705097
2022-05-16,104375.97,104854.76,102460.81,102939.6,458454
2022-05-17,102939.6,103897.18,101503.24,102939.6,846435
2022-05-18,103897.19,104854.76,101982.03,102460.82,838409
2022-05-19,99588.07,100066.86,96715.34,97194.12,1986525
2022-05-20,97672.92,101024.44,96715.35,100066.87,1205007
2022-05-23,100545.65,101982.01,99109.28,100545.65,688569
2022-05-24,100545.66,100545.66,97672.92,98151.71,722885
2022-05-25,98630.5,99109.29,97194.13,98151.71,504358
2022-05-26,98630.5,99588.08,96715.34,97672.92,677212
2022-05-27,99588.08,100545.66,98151.71,99109.29,668914
2022-05-30,100545.66,101503.23,100066.87,101503.23,623975
2022-05-31,101503.23,101982.01,100066.86,100545.65,1819056
2022-06-02,99588.08,99588.08,97672.92,99588.08,660479
2022-06-03,100545.66,101024.44,99109.29,99588.08,610654
2022-06-07,99109.28,99109.28,97194.12,97194.12,664509
2022-06-08,97672.92,98630.5,97194.13,97672.92,568572
2022-06-09,97672.92,98151.71,96715.34,98151.71,929702
2022-06-10,96715.34,97672.92,95757.77,96236.55,595867
2022-06-13,94321.41,94704.44,91065.65,91065.65,1400191
2022-06-14,88863.2,92214.73,88767.45,91257.15,1012058
2022-06-15,90491.09,91448.66,88575.93,89246.23,829525
2022-06-16,90682.59,93459.57,89820.77,90395.32,860556
2022-06-17,88863.2,89725.02,88097.14,89246.23,827209
2022-06-20,89437.76,89533.51,85511.69,86373.51,919626
2022-06-21,86469.26,87522.59,86181.98,87139.56,516032
2022-06-22,87522.6,87618.36,83405.02,83500.77,1196070
2022-06-23,83117.75,85990.48,81968.66,84554.12,1418259
2022-06-24,84554.12,86182.0,84554.12,85224.42,877028
2022-06-27,86373.49,87139.55,85224.4,85894.7,842826
2022-06-28,85320.18,86277.76,84075.33,85224.42,727402
2022-06-29,84266.83,87905.62,83692.28,86852.29,873866
2022-06-30,87043.82,87043.82,84554.12,84554.12,790624
2022-07-01,85224.41,88958.97,85032.9,86086.23,1390290
2022-07-04,86948.05,87139.57,84841.38,86373.51,701722
2022-07-05,87139.57,91927.46,86852.3,91448.67,1348997
2022-07-06,90682.59,91065.62,88863.2,89150.47,1023511
2022-07-07,90012.31,92310.49,89533.52,91831.7,1090036
2022-07-08,92214.73,94129.89,87905.63,88097.15,1494419
2022-07-11,87618.36,88767.45,87139.57,87426.84,710884
2022-07-12,86852.29,87043.8,85320.16,86565.02,654534
2022-07-13,86086.23,88384.42,86086.23,87235.33,676772
2022-07-14,86756.54,87139.57,85703.2,86373.51,658582
2022-07-15,87043.82,87618.37,85320.18,87043.82,604053
2022-07-18,88575.94,90395.34,88097.15,88575.94,847838
2022-07-19,87809.88,89054.73,87522.6,88958.97,410666
2022-07-20,91161.39,91257.15,89341.99,90108.05,643294
2022-07-21,90108.05,90395.33,89054.72,90203.81,444578
2022-07-22,89820.78,90682.6,89533.51,89533.51,363025
2022-07-25,89150.47,90682.59,89054.71,89916.53,351528
2022-07-26,89533.51,90682.6,89341.99,89629.27,417522
2022-07-27,89820.79,90491.09,89246.24,90299.58,330196
2022-07-28,91065.63,91448.66,89054.72,89629.27,666622
2022-07-29,90203.8,90778.35,89629.26,90395.32,674170
2022-08-01,90778.35,91257.14,89629.26,90395.32,485739
2022-08-02,90395.33,90969.87,89246.23,89533.51,474933
2022-08-03,89533.52,89916.55,89054.73,89820.79,374218
2022-08-04,90395.33,92789.27,90203.81,91927.45,1059583
2022-08-05,92310.49,92597.77,91352.91,91831.7,447686
2022-08-08,91735.94,91735.94,89629.27,90012.3,579176
2022-08-09,90012.3,90682.61,88863.21,90682.61,542364
2022-08-10,89916.55,90491.09,88767.45,88863.21,502234
2022-08-11,89916.54,96715.34,89437.75,96715.34,2683987
2022-08-12,96236.55,98151.71,95374.74,96715.34,1151625
2022-08-16,97194.13,98630.5,95757.77,97672.92,872610
2022-08-17,98151.71,100545.66,97672.92,99109.29,1537894
2022-08-18,97672.92,99109.29,96236.56,97672.92,768622
2022-08-19,97194.13,98151.71,96236.55,96715.34,571786
2022-08-22,95470.5,97194.14,94991.71,95757.77,664440
2022-08-23,94895.94,95470.48,93842.6,94034.12,588286
2022-08-24,94608.67,94800.19,93746.85,93938.37,557382
2022-08-25,94704.43,95470.49,94129.88,94895.95,541955
2022-08-26,95662.01,96236.55,94800.19,96236.55,549129
2022-08-29,92693.52,93363.82,91161.39,92118.97,852805
2022-08-30,92502.0,93651.09,91352.91,93363.82,514506
2022-08-31,92597.76,96715.34,92118.97,96715.34,712641
2022-09-01,94895.94,95374.73,93555.34,93555.34,683659
2022-09-02,94129.89,95662.01,92885.04,93172.31,464595
2022-09-05,93076.55,94129.89,92406.25,93076.55,330235
2022-09-06,93172.32,93363.84,92023.23,92693.53,354834
2022-09-07,92118.96,92310.48,89629.26,90395.32,654418
2022-09-08,91257.16,91352.91,89533.52,89820.79,598114
2022-09-13,91640.17,94034.12,91065.63,93746.84,703205
2022-09-14,89629.27,90586.84,89629.27,90012.3,721562
2022-09-15,90586.85,90586.85,88097.15,88097.15,672520
2022-09-16,87235.32,87331.08,86181.98,86756.53,769264
2022-09-19,86373.5,87809.87,86373.5,86565.02,455443
2022-09-20,87139.55,87522.58,85607.43,85894.7,540462
2022-09-21,86181.99,86277.75,83883.8,84266.84,669889
2022-09-22,82447.45,82830.48,80915.32,81681.38,927127
2022-09-23,81681.39,82926.24,80819.57,81298.36,725235
2022-09-26,79957.73,80819.55,78138.34,78329.85,981155
2022-09-27,78138.34,78329.86,76606.22,77851.07,960659
2022-09-28,77276.51,78329.85,74978.33,75935.91,1063245
2022-09-29,77084.99,77276.51,74595.29,74691.05,788884
2022-09-30,73924.99,76510.45,73924.99,75265.6,887235
2022-10-04,76414.69,77563.78,76414.69,77276.51,764137
2022-10-05,78712.89,78904.4,75265.61,75840.16,696257
2022-10-06,76606.2,77946.81,76031.66,77180.75,582507
2022-10-07,76414.7,78808.65,76318.95,78234.1,676353
2022-10-11,76414.7,76510.46,74403.79,74882.58,827730
2022-10-12,75074.08,76606.2,74499.53,76414.69,594177
2022-10-13,76223.17,77276.51,74786.8,74786.8,588068
2022-10-14,76606.2,78042.57,76318.93,77276.51,462737
2022-10-17,76318.95,78329.86,75935.91,78234.1,394098
2022-10-18,79574.7,79766.21,77851.06,79287.42,594072
2022-10-19,78521.36,79095.91,76989.23,77180.75,706403
2022-10-20,76893.48,77946.82,75457.12,77755.3,594436
2022-10-21,77276.52,78042.59,76701.98,77372.28,347557
2022-10-24,78234.1,78808.65,76989.25,77468.04,611218
2022-10-25,77468.04,78425.62,76318.95,76701.98,552564
2022-10-26,76701.98,76797.73,74020.76,74499.55,1247943
2022-10-27,74978.33,77276.52,74691.06,76797.73,920792
2022-10-28,76414.7,77755.3,76223.18,76510.45,641547
2022-10-31,78521.37,78521.37,77085.01,78138.34,713095
2022-11-01,78042.57,79383.18,77372.27,79095.91,611191
2022-11-02,78234.09,80436.52,78042.57,80149.24,740355
2022-11-03,78425.6,80149.24,77563.78,79287.42,643835
2022-11-04,79095.91,86181.98,78617.12,84841.38,2425215
2022-11-07,85415.94,87331.09,83692.3,87043.82,1584070
2022-11-08,87043.81,88671.69,86469.27,87426.84,994859
2022-11-09,87714.11,90108.05,87331.08,89246.23,933729
2022-11-10,88288.66,90012.3,88001.38,88001.38,803724
2022-11-11,91352.9,91352.9,89725.02,90491.08,891240
2022-11-14,90682.61,92789.28,90491.09,91544.43,888814
2022-11-15,92023.2,94608.66,91735.93,92501.99,736227
2022-11-16,92789.28,92789.28,90682.61,91544.43,589204
2022-11-17,91065.64,91735.94,88958.97,88958.97,523307
2022-11-18,89150.48,90586.85,87139.57,88097.15,864219
2022-11-21,88575.93,88575.93,85511.68,86277.74,659130
2022-11-22,86469.27,86852.3,85320.17,85703.2,392751
2022-11-23,86756.54,88192.91,86181.99,86373.51,454470
2022-11-24,86948.05,87618.36,86373.51,86660.78,302045
2022-11-25,87139.55,87139.55,85320.16,85894.7,309097
2022-11-28,87714.11,91161.39,86852.29,89246.23,1494873
2022-11-29,89437.76,90012.3,87426.84,89820.79,623921
2022-11-30,88958.96,94129.88,88671.69,93459.58,1734591
2022-12-01,94704.43,94800.19,92023.21,92118.97,656245
2022-12-02,92310.48,94321.39,91352.9,92501.99,809770
2022-12-05,93076.56,93555.35,91831.71,92693.53,462365
2022-12-06,91831.7,96236.56,91448.67,93076.55,1145457
2022-12-07,90969.88,91448.67,85703.2,86469.27,1994747
2022-12-08,85798.95,86852.29,85032.89,85990.47,922814
2022-12-09,86660.77,87331.08,85894.71,87139.56,599973
2022-12-12,85990.47,87426.84,85703.2,85990.47,431521
2022-12-13,86373.5,86469.26,83979.55,84362.59,588048
2022-12-14,85032.9,86277.75,84745.63,86086.23,471240
2022-12-15,85703.2,85798.96,84745.63,84937.14,244911
2022-12-16,83309.26,84171.08,82160.16,83500.77,625891
2022-12-19,83500.77,84075.32,82447.44,83213.5,432162
2022-12-20,82926.23,83021.98,81681.38,82447.44,340339
2022-12-21,83021.98,83117.74,81394.1,82255.92,255814
2022-12-22,82830.47,87809.87,82830.47,86469.27,1421236
2022-12-23,84745.63,88288.67,84458.36,87043.82,946249
2022-12-26,87043.81,87139.57,84937.14,85128.66,466302
2022-12-27,85703.19,86565.01,85320.16,85894.7,553886
2022-12-28,86087.74,87535.4,85508.67,86280.76,490113
2022-12-29,85412.16,86280.76,83481.95,83481.95,451139
2023-01-02,84157.51,84543.55,83288.91,83385.42,256377
2023-01-03,83385.44,83964.5,80586.62,82709.86,535289
2023-01-04,81937.77,86570.29,81551.72,86570.29,582484
2023-01-05,86570.3,87342.39,85894.72,86763.32,372671
2023-01-06,85605.19,88404.0,85605.19,87535.41,520258
2023-01-09,88404.02,92167.94,88404.02,91781.9,1246443
2023-01-10,91588.88,91974.92,90334.23,91781.9,583121
2023-01-11,91974.9,92457.45,90527.23,91492.34,454625
2023-01-12,91685.37,92167.92,89851.66,90430.73,487521
2023-01-13,90816.78,91974.91,90334.22,90913.29,500644
2023-01-16,91395.84,92457.46,89465.62,91106.3,458632
2023-01-17,90913.3,91878.41,90044.7,91395.85,511231
2023-01-18,91395.84,92264.44,90913.29,91878.4,458888
2023-01-19,90913.29,93712.1,90816.78,92940.02,601293
2023-01-20,92843.5,93326.06,91685.37,92940.02,391157
2023-01-25,93808.61,94387.68,92843.5,93229.55,2772
2023-01-26,93036.52,94484.19,92457.46,94484.19,4224
2023-01-27,94677.21,96510.92,94098.14,94484.19,5807
2023-01-30,96510.93,97669.06,94677.22,94677.22,8041
2023-01-31,96414.41,99599.27,95738.83,96607.43,3354
2023-02-01,96607.43,96607.43,94677.21,95738.83,3649
2023-02-02,96607.43,97958.58,95545.81,97379.52,4011
2023-02-03,97765.56,98537.65,96703.94,97379.52,2138
2023-02-06,97379.52,99309.74,96510.92,97283.01,2580
2023-02-07,98248.12,99406.25,97765.56,98055.09,1909
2023-02-08,98923.69,105003.88,98634.16,103845.75,5726
2023-02-09,102880.64,105003.88,101336.47,104231.8,6268
2023-02-10,104231.8,108285.26,103170.18,106741.09,9459
2023-02-13,106162.02,106162.02,101819.03,103459.71,3280
2023-02-14,104907.37,110215.47,104907.37,109346.87,9398
2023-02-15,109636.41,110215.47,108478.28,108864.32,4763
2023-02-16,110022.45,112338.72,109250.37,110022.45,6019
2023-02-17,108671.3,111470.11,108188.74,109925.94,5924
2023-02-20,110022.44,111084.06,108864.31,109346.87,4327
2023-02-21,109250.37,112049.18,108671.3,110022.45,4281
2023-02-22,109057.33,109829.42,107127.11,107223.62,6607
2023-02-23,108478.27,112917.77,108381.76,110698.02,4751
2023-02-24,110987.56,111663.13,108478.27,109443.38,2785
2023-02-27,108864.31,110118.95,107513.16,108767.8,556263
2023-02-28,109443.39,109443.39,106644.57,107320.15,666842
2023-03-02,106741.08,108478.27,106741.08,107513.16,484235
2023-03-03,108574.79,109443.39,105679.46,106934.1,475873
2023-03-06,108092.22,111470.1,107223.62,110504.99,964347
2023-03-07,110408.49,111373.6,108285.25,110408.49,748490
2023-03-08,112145.68,116392.16,112145.68,113400.32,1731900
2023-03-09,115427.06,117164.25,112628.24,112917.77,1144788
2023-03-10,111373.6,114172.42,110601.51,111663.13,858971
2023-03-13,111952.66,114365.43,109636.39,113400.32,851620
2023-03-14,112628.24,113207.3,107320.14,107899.2,1114429
2023-03-15,110601.51,113689.86,109250.36,113303.82,1133693
2023-03-16,111952.66,115041.01,111759.63,113400.32,916862
2023-03-17,114847.99,115330.54,112821.26,113786.37,918172
2023-03-20,114075.91,114365.44,108960.83,109925.94,965943
2023-03-21,110505.0,110698.02,108478.27,109346.87,712657
2023-03-22,111470.11,112435.22,109636.4,110215.47,756170
2023-03-23,109732.91,110698.02,106451.54,107899.2,1324425
2023-03-24,107995.72,109539.89,107127.12,109057.34,893158
2023-03-27,109057.33,110504.99,107127.11,109539.88,778173
2023-03-28,109057.33,109153.85,105196.9,107899.2,1263322
2023-03-29,108960.83,110505.0,108767.8,109732.91,554609
2023-03-30,110505.0,111566.62,109153.84,109153.84,570965
2023-03-31,110118.95,111663.13,109829.42,111277.09,855187
2023-04-03,111952.67,112242.2,109250.36,109829.43,713112
2023-04-04,110311.98,113110.8,108864.32,111856.16,896834
2023-04-05,112628.24,115523.57,112049.17,112724.75,1010185
2023-04-06,113303.82,113979.4,109636.4,109925.94,891174
2023-04-07,111470.12,112049.18,109829.43,110311.98,921786
2023-04-10,110987.55,111856.15,108671.29,109057.34,1018183
2023-04-11,109539.89,110215.46,108188.73,108671.29,1095649
2023-04-12,108767.81,110891.05,108767.81,110601.52,1116912
2023-04-13,111952.66,113400.33,109539.89,111277.09,1275287
2023-04-14,112049.18,112821.27,110601.52,111180.59,795003
2023-04-17,111084.07,111084.07,107802.7,108285.25,1014716
2023-04-18,108381.76,109057.34,107127.12,107706.19,1014529
2023-04-19,108671.3,109539.89,107899.21,108960.83,747852
2023-04-20,108671.3,109346.88,105486.44,106741.09,877927
2023-04-21,106451.54,106741.07,103170.17,104038.77,1187692
2023-04-24,103459.7,104714.35,103459.7,103652.73,561213
2023-04-25,103942.26,106065.5,102591.11,105100.39,1051431
2023-04-26,105196.9,106258.52,104231.79,104617.84,603110
2023-04-27,104714.34,105100.38,103170.16,103942.25,522016
2023-04-28,106065.5,106644.56,104424.81,105486.43,808675
2023-05-02,105486.43,105968.99,104907.37,105679.45,443845
2023-05-03,105293.41,105582.94,104135.28,105486.43,371989
2023-05-04,105196.89,106162.0,104231.78,105389.91,436200
2023-05-08,106162.01,108671.29,105872.47,108381.76,821333
2023-05-09,109057.34,109636.4,107127.12,107995.72,562232
2023-05-10,107802.7,111373.6,107706.19,110891.05,1231852
2023-05-11,111470.1,112435.21,110118.95,112145.68,904911
2023-05-12,112049.17,112145.68,107899.2,107899.2,753751
2023-05-15,107513.17,108285.26,106258.53,107609.68,485601
2023-05-16,108285.24,108671.28,106451.53,106644.55,646552
2023-05-17,106355.03,108574.78,106355.03,107995.72,388321
2023-05-18,108767.8,109539.89,108188.74,109057.34,407261
2023-05-19,109636.4,110215.47,108767.81,109443.38,436895
2023-05-22,109153.85,111277.09,109057.34,109829.43,516511
2023-05-23,110408.49,111373.6,109636.4,110215.47,430549
2023-05-24,109539.89,109829.42,108767.8,109346.87,368199
2023-05-25,109250.35,109539.89,107609.67,108671.29,475713
2023-05-26,108381.75,109636.4,108092.22,108767.8,389620
2023-05-30,110505.01,120542.15,109732.92,120542.15,3759591
2023-05-31,120831.66,121121.19,118032.84,118515.4,1976166
2023-06-01,118032.85,119673.54,116971.23,118708.43,938784
2023-06-02,119577.02,120059.58,117260.76,118804.94,923145
2023-06-05,119480.51,124402.57,119287.49,122761.88,1917032
2023-06-07,123823.51,124209.55,121314.23,121314.23,872501
2023-06-08,121796.79,122858.41,120928.19,122279.34,919226
2023-06-09,122858.39,123051.42,120831.66,121796.77,670364
2023-06-12,123147.93,123340.95,121121.2,121217.71,482727
2023-06-13,121603.75,121893.29,118708.43,120059.58,873521
2023-06-14,120349.12,122279.34,119770.05,120349.12,786347
2023-06-15,120349.12,121121.21,118515.41,119287.5,634873
2023-06-16,119770.06,120156.1,118418.9,120156.1,632413
2023-06-19,120735.17,121410.75,119673.55,120542.15,592598
2023-06-20,120349.12,120445.63,118515.41,119384.01,393495
2023-06-21,119384.0,122279.33,119287.49,120638.64,830330
2023-06-22,120638.65,121410.74,118997.97,121024.7,429073
2023-06-23,121217.7,121217.7,118225.87,118997.95,442726
2023-06-26,118804.94,119963.07,118032.85,119190.98,390871
2023-06-27,119190.98,119190.98,117453.79,118708.43,392796
2023-06-28,119577.02,120542.13,118322.38,118515.4,430813
2023-06-29,118708.43,123437.47,118515.41,121603.76,951939
2023-06-30,122954.92,123630.5,120156.1,122279.34,747023
2023-07-03,123727.01,123727.01,121410.75,122665.39,579555
2023-07-04,123533.96,127780.44,122954.9,123726.98,1276606
2023-07-05,124209.54,124981.63,122279.32,123726.98,598268
2023-07-06,123630.49,123630.49,120349.12,120928.19,752592
2023-07-07,120831.67,120928.18,117067.74,118708.43,1017692
2023-07-10,118708.44,119577.03,113689.87,114172.42,1234262
2023-07-11,114751.49,115137.53,112917.78,114365.45,749754
2023-07-12,114075.9,116585.18,114075.9,116006.12,803261
2023-07-13,117260.77,119480.52,117164.26,117164.26,952933
2023-07-14,117357.28,121410.74,116971.24,121024.7,887354
2023-07-17,120349.12,120445.63,118804.95,119480.52,503904
2023-07-18,120542.13,121217.71,118129.36,118804.94,507638
2023-07-19,119577.03,120928.18,119094.47,119190.98,528890
2023-07-20,118418.9,119866.56,116488.68,117164.26,525660
2023-07-21,116295.65,116778.21,115137.52,116585.19,447735
2023-07-24,116585.19,116585.19,114847.99,115813.1,700303
2023-07-25,116199.14,116295.65,113786.36,114847.98,888147
2023-07-26,114268.93,114848.0,110987.56,112242.2,1191082
2023-07-27,113207.3,115813.09,112338.7,113400.32,848072
2023-07-28,113882.89,113882.89,105679.47,106741.09,2067990
2023-07-31,107223.63,107416.65,104038.77,104617.84,1536570
2023-08-01,104810.85,106548.04,104714.34,105389.91,999759
2023-08-02,103942.26,104617.84,101819.02,102108.55,1205051
2023-08-03,102301.57,102687.62,100853.91,100950.42,839099
2023-08-04,101529.49,101819.02,99888.8,99985.31,938988
2023-08-07,99888.8,101143.44,98634.16,99502.76,773844
2023-08-08,100467.87,100660.89,98730.67,98827.18,687995
2023-08-09,99309.73,101046.93,98537.65,101046.93,758819
2023-08-10,99888.79,99888.79,98055.08,98344.62,965050
2023-08-11,98923.69,101915.53,98730.67,100178.34,820040
2023-08-14,99792.29,99888.8,97669.05,97958.59,611893
2023-08-16,96993.48,97089.99,95449.31,96124.88,1001720
2023-08-17,95159.76,96703.93,94291.16,96414.4,822444
2023-08-18,94966.75,95738.84,94291.18,94870.24,651756
2023-08-21,95256.27,97283.0,95063.25,95159.76,483252
2023-08-22,96317.9,96414.41,94966.75,95256.28,493253
2023-08-23,95256.27,95931.85,94291.16,95159.76,437376
2023-08-24,96414.42,96993.48,95642.33,95642.33,428094
2023-08-25,94677.22,96028.37,94194.67,94870.24,358283
2023-08-28,95256.28,96124.88,95063.26,96124.88,286756
2023-08-29,96993.48,96993.48,95931.86,96124.88,381781
2023-08-30,96896.96,98055.09,96510.92,96607.43,539750
2023-08-31,96607.44,96800.46,94773.73,95063.27,834956
2023-09-01,95159.77,97862.08,95159.77,96124.88,715471
2023-09-04,97089.98,99502.75,96607.43,98923.69,838710
2023-09-05,99309.73,99406.24,97862.07,98634.16,548160
2023-09-06,98248.11,98537.64,96317.89,96993.47,502812
2023-09-07,95931.85,96800.45,95835.34,96317.9,415020
2023-09-08,96317.88,96317.88,94773.71,95352.77,514430
2023-09-11,95352.78,95738.83,94966.74,95738.83,316499
2023-09-12,95835.34,96510.91,95545.8,95545.8,443115
2023-09-13,96317.9,101143.45,96221.39,100564.38,1747152
2023-09-14,101239.94,101336.45,99599.26,100660.88,801801
2023-09-15,101239.95,104617.84,101046.93,103652.73,1559412
2023-09-18,102398.08,103266.68,101432.98,101722.51,500798
2023-09-19,101722.49,102687.6,99502.74,100660.88,631804
2023-09-20,99406.25,99888.81,98055.1,99792.3,698127
2023-09-21,99309.73,101625.99,98730.66,99309.73,562419
2023-09-22,98151.6,99888.8,97862.07,99502.76,456213
2023-09-25,99502.76,99985.32,98441.14,99792.3,335383
2023-09-26,99888.79,99985.3,96607.42,97186.48,734024
2023-09-27,96414.41,98441.14,96124.87,97379.52,469905
2023-10-04,95449.3,95931.85,94194.65,94484.19,785602
2023-10-05,95256.27,96221.38,94484.18,95159.76,381548
2023-10-06,95835.35,95931.86,94291.17,94773.73,399040
2023-10-10,96124.87,101915.52,95642.31,101432.97,1679320
2023-10-11,101143.45,103363.2,99792.3,102880.65,1566039
2023-10-12,103170.17,103845.74,101625.99,102301.57,611354
2023-10-13,101336.46,102108.55,100564.37,101432.97,433329
2023-10-16,100757.4,102494.59,99792.29,101819.02,507581
2023-10-17,102784.13,104617.83,102108.55,102494.59,540306
2023-10-18,102301.58,103749.25,101626.01,102880.65,441654
2023-10-19,101336.46,103266.68,101046.93,102494.59,411350
2023-10-20,101819.02,102398.08,100371.35,101722.51,473987
2023-10-23,101722.51,102301.57,100371.35,100757.4,326339
2023-10-24,101819.01,102591.1,99695.77,101432.97,384139
2023-10-25,102108.55,105679.45,102108.55,104714.34,1039648
2023-10-26,102398.09,103170.17,101143.45,101626.0,581477
2023-10-27,102301.57,102301.57,95545.81,98055.09,1033993
2023-10-30,98055.09,100564.38,98055.09,99502.76,471152
2023-10-31,100467.85,101625.99,95835.33,96221.38,715127
2023-11-01,97572.52,98344.61,96510.9,96800.44,426695
2023-11-02,98537.64,99406.23,96124.86,96221.38,1102768
2023-11-03,97379.52,98151.6,96896.96,97862.07,524655
2023-11-06,100274.85,101626.0,99116.72,101626.0,794809
2023-11-07,101336.47,101336.47,99020.21,99792.3,500058
2023-11-08,100950.41,102687.6,99116.7,99213.21,578249
2023-11-09,99502.75,101239.94,99406.24,100081.81,390517
2023-11-10,99695.77,100564.37,98537.64,100081.81,315618
2023-11-13,101432.97,101432.97,98537.64,98537.64,336661
2023-11-14,99502.75,100467.86,99020.2,99695.77,293782
2023-11-15,102012.04,103073.66,101046.93,102977.15,656732
2023-11-16,102880.64,107899.21,102784.13,104617.84,1367614
2023-11-17,105293.42,105293.42,101915.54,102012.05,558146
2023-11-20,102398.09,103652.74,101626.01,102880.65,360450
2023-11-21,103170.17,105582.95,103170.17,104617.84,553572
2023-11-22,104135.28,104424.82,102880.64,103845.75,362536
2023-11-23,104135.28,104424.81,101625.99,102301.57,536208
2023-11-24,102591.11,103073.67,101143.45,101239.96,359388
2023-11-27,101625.99,102301.57,100178.33,100467.86,418757
2023-11-28,101336.46,102108.55,100081.82,100853.91,543628
2023-11-29,100564.38,101239.96,99406.25,99792.3,536827
2023-11-30,99406.24,100371.35,98923.69,99116.71,925212
2023-12-01,99599.27,100178.33,98730.67,98827.18,465918
2023-12-04,99502.76,99695.78,97765.56,98055.09,506453
2023-12-05,98055.09,98634.15,97379.51,97572.53,404265
2023-12-06,97765.57,98055.1,96414.42,96510.93,772580
2023-12-07,95738.83,96028.36,91781.88,91974.91,2316717
2023-12-08,92746.98,92940.01,90527.23,91299.32,1346294
2023-12-11,91685.37,93036.52,91009.79,91685.37,1155003
2023-12-12,92650.49,93712.11,92071.42,93326.06,980503
2023-12-13,93519.07,93808.61,92360.94,92457.45,547785
2023-12-14,93712.1,93808.61,92650.48,93422.57,1033739
2023-12-15,93519.08,94001.63,93036.52,93808.61,925632
2023-12-18,94001.63,94001.63,92746.99,92746.99,537938
2023-12-19,91685.38,95835.35,91492.36,94870.24,1234344
2023-12-20,95545.81,96028.36,94870.23,95738.83,570657
2023-12-21,95063.25,96896.96,95063.25,96028.36,543574
2023-12-22,96896.95,96896.95,95545.8,96221.38,319969
2023-12-26,97090.0,97090.0,95738.84,96510.93,313537
2023-12-27,97289.23,97289.23,96024.47,97289.23,306136
2023-12-28,97191.96,99137.74,96802.8,99040.45,751858
2024-01-02,98748.58,99040.45,97775.69,98651.29,407630
2024-01-03,97678.39,98262.13,96705.5,96802.79,489206
2024-01-04,95829.9,96024.48,94565.14,95148.88,713479
2024-01-05,94954.29,95148.87,94175.98,94467.84,472224
2024-01-08,94857.01,97581.1,94370.56,96413.63,757089
2024-01-09,97386.52,97970.25,95343.45,95343.45,540554
2024-01-10,95343.45,96219.05,94370.55,94565.13,508980
2024-01-11,94857.0,94857.0,92424.77,92424.77,1235778
2024-01-12,92424.77,93203.09,91743.75,92132.91,583157
2024-01-15,92716.64,92813.93,92327.48,92522.06,59759
2024-01-16,92132.9,92813.92,91160.01,92035.61,443988
2024-01-17,91451.88,91549.17,88241.33,88825.07,922101
2024-01-18,88630.49,89895.25,88630.49,88727.78,491278
2024-01-19,89700.67,89895.25,88435.91,89311.52,438001
2024-01-22,90381.7,90381.7,88338.62,88727.78,500375
2024-01-23,89506.1,92327.49,88727.78,91257.3,513677
2024-01-24,91743.74,92619.35,90673.56,91354.59,446762
2024-01-25,91354.59,91743.75,90187.12,91451.88,300281
2024-01-26,91451.88,91549.17,90187.12,90965.43,359923
2024-01-29,91062.73,92911.22,91062.73,91743.75,462718
2024-01-30,92424.78,93105.81,91938.34,91938.34,441305
2024-01-31,91743.74,91841.03,88727.78,90965.43,703333
2024-02-01,90089.83,93008.51,89992.54,92522.06,680461
2024-02-02,93008.51,95246.17,92813.93,94662.43,937733
2024-02-05,95148.87,95343.45,92911.22,94467.84,593080
2024-02-06,94175.98,95051.58,93981.4,93981.4,418705
2024-02-07,95051.57,96705.49,94175.97,96219.04,792315
2024-02-08,96802.78,97094.65,95343.44,95538.02,602261
2024-02-13,96316.34,97775.67,96024.47,96705.49,669368
2024-02-14,95635.32,97775.68,94954.29,96316.34,506194
2024-02-15,97678.39,97678.39,95148.87,95440.74,408053
2024-02-16,96219.05,96802.78,95051.58,96608.2,477114
2024-02-19,96705.49,97678.38,96705.49,97094.65,490299
2024-02-20,97386.53,97483.82,94857.01,95148.88,471790
2024-02-21,95148.86,96510.91,94954.28,94954.28,300832
2024-02-22,95829.9,95829.9,94954.3,95148.88,209279
2024-02-23,95927.18,96510.92,95246.16,95246.16,295948
2024-02-26,97678.39,98651.28,95538.02,95538.02,585114
2024-02-27,95927.19,96024.48,92911.23,93494.96,469486
2024-02-28,93494.95,93689.53,91451.87,92716.63,715424
2024-02-29,93203.09,93592.24,92132.91,92327.48,605548
2024-03-04,92522.06,93008.5,91257.3,91354.59,627925
2024-03-05,90965.43,91938.32,90381.69,90868.14,400619
2024-03-06,90770.86,92813.93,90673.57,92132.91,440556
2024-03-07,92132.91,92716.64,91354.59,92327.48,336931
2024-03-08,93008.51,93397.66,92230.19,93008.51,386803
2024-03-11,93203.09,94273.27,92327.48,92911.22,430272
2024-03-12,93884.11,96121.77,93494.96,95148.88,907451
2024-03-13,96024.46,96316.33,94565.12,94954.28,369089
2024-03-14,95440.73,96608.2,95148.86,96608.2,671971
2024-03-15,96413.62,96705.49,95343.44,96219.04,616605
2024-03-18,96802.8,96802.8,93397.67,93494.96,562587
2024-03-19,93397.66,94078.69,92327.48,93592.24,392220
2024-03-20,94175.98,94759.71,93203.09,93397.66,305510
2024-03-21,94370.57,96510.93,93689.54,96510.93,785161
2024-03-22,95732.6,97483.81,95538.02,96705.49,575294
2024-03-25,96802.77,97483.8,95927.17,96219.04,313812
2024-03-26,96802.79,97970.26,94078.7,94175.98,1169503
2024-03-27,94078.69,94857.0,93884.11,94370.55,394971
2024-03-28,94467.85,94759.72,93884.12,94175.98,467819
2024-03-29,94565.14,94759.71,92522.06,92522.06,632913
2024-04-01,92911.22,94078.69,92911.22,93884.11,315646
2024-04-02,93884.11,94759.71,93494.95,93884.11,489530
2024-04-03,93786.82,93884.11,91354.59,91354.59,720922
2024-04-04,92327.49,92716.64,91451.88,91743.75,289992
2024-04-05,91646.46,94954.29,91354.59,93300.38,603196
2024-04-08,93981.41,93981.41,91646.47,91938.34,444924
2024-04-09,92716.64,94662.42,92522.06,93592.24,573774
2024-04-11,92619.35,93786.82,91646.46,93786.82,579703
2024-04-12,93494.95,93494.95,90868.14,90965.43,910573
2024-04-15,90284.41,90770.85,89895.25,89992.54,421493
2024-04-16,89506.09,89992.54,88144.04,89311.52,651094
2024-04-17,89214.23,90187.12,88533.2,88533.2,402786
2024-04-18,88922.37,90673.57,88630.5,90089.84,357081
2024-04-19,89311.52,89992.54,87852.18,88727.78,455832
2024-04-22,89895.25,89895.25,88727.78,89506.09,347838
2024-04-23,89603.38,90381.7,89311.51,90284.41,345656
2024-04-24,90770.85,90868.14,89700.67,89700.67,487563
2024-04-25,89408.81,90089.83,88046.76,88144.05,842782
2024-04-26,88533.2,88727.78,88046.76,88338.62,723810
2024-04-29,88727.78,90284.41,88727.78,90284.41,572860
2024-04-30,90673.56,90965.43,89506.09,90381.7,590806
2024-05-02,89797.96,89992.54,88825.07,89019.65,427617
2024-05-03,89700.67,90381.7,89603.38,89895.25,540211
2024-05-07,90673.57,91257.3,90478.99,91257.3,545231
2024-05-08,91257.3,91549.16,90965.43,91354.59,328371
2024-05-09,91451.88,91451.88,90089.83,90770.86,464569
2024-05-10,91841.04,95148.88,91743.75,94857.01,1642154
2024-05-13,95246.15,95343.44,93786.81,94954.28,546299
2024-05-14,94954.3,96705.5,94565.14,95635.32,630411
2024-05-16,96510.91,97094.65,95051.58,96121.76,657185
2024-05-17,96316.34,96413.63,95148.87,95246.16,297028
2024-05-20,96121.77,96219.06,94662.43,94857.01,318579
2024-05-21,94370.56,95148.87,93397.66,93884.11,343275
2024-05-22,94078.68,94273.26,92522.05,92716.63,385832
2024-05-23,93397.67,94662.43,92813.93,92813.93,317313
2024-05-24,91938.32,92230.19,91257.3,91549.16,297059
2024-05-27,92911.22,94759.71,92132.9,93786.82,463903
2024-05-28,94662.42,106531.71,94565.14,106337.13,6852467
2024-05-29,109450.39,110812.44,106045.26,107504.6,4855132
2024-05-30,106531.72,108088.34,103321.17,103418.46,1667504
2024-05-31,104585.93,106920.88,101959.12,101959.12,2070778
2024-06-03,102737.43,104294.06,99235.02,100305.2,1699404
2024-06-04,100305.2,100791.64,97483.81,98359.41,1245682
2024-06-05,99137.72,99429.59,96900.07,97970.25,963661
2024-06-07,98359.41,99040.43,96705.49,97970.25,1269757
2024-06-10,97581.09,99526.88,96705.49,97872.96,973905
2024-06-11,98456.7,98456.7,95440.73,95538.02,1238559
2024-06-12,97191.94,98456.7,96316.33,97872.96,1143396
2024-06-13,98359.43,98359.43,96024.48,96024.48,1290744
2024-06-14,96024.46,96608.2,95246.15,96219.04,725460
2024-06-17,96705.51,98164.84,95829.9,97678.4,953639
2024-06-18,98164.85,99137.74,97094.67,99040.45,843389
2024-06-19,100694.35,105753.39,100499.77,105072.37,3453496
2024-06-20,104294.06,106045.27,103807.61,105461.53,1257874
2024-06-21,104391.35,105850.69,103807.61,105364.24,964295
2024-06-24,105656.11,108672.07,105461.53,107212.73,1751043
2024-06-25,108282.91,108963.94,106045.26,108088.34,914520
2024-06-26,106823.58,108574.79,105072.38,108380.21,1016808
2024-06-27,108184.75,108673.39,106034.74,106718.84,817680
2024-06-28,107598.39,108477.94,105839.29,108380.21,625642
2024-07-01,108477.94,112289.33,106425.65,107109.75,1149549
2024-07-02,106621.11,107012.02,103689.27,104764.28,840689
2024-07-03,105546.1,105839.29,103591.55,104764.28,629442
2024-07-04,105448.37,106425.65,103298.35,105448.37,886576
2024-07-05,106425.65,110139.31,105839.28,108282.48,1771133
2024-07-08,108184.76,108477.94,105741.56,105839.29,837625
2024-07-09,106425.65,107402.93,105839.29,107109.75,628472
2024-07-10,106523.38,107891.57,105839.29,107793.84,574856
2024-07-11,108477.94,108673.39,107305.2,108477.94,926544
2024-07-12,107793.84,107989.3,105350.64,106914.29,649908
2024-07-15,107109.74,108282.47,106425.64,107402.92,472733
2024-07-16,107793.84,109552.95,106621.11,109455.22,983640
2024-07-17,109943.85,112777.96,109552.94,109552.94,1191385
2024-07-18,108380.21,110139.31,107989.3,108380.21,675749
2024-07-19,108087.02,111800.68,107989.3,109259.76,907720
2024-07-22,109846.13,110432.49,107989.3,108477.94,497171
2024-07-23,109162.03,111996.13,109162.03,111312.04,986056
2024-07-24,110921.14,111898.42,109357.49,109943.86,610385
2024-07-25,108282.48,108868.85,106718.84,107696.12,895154
2024-07-26,108477.93,108771.12,103591.54,104666.55,1259536
2024-07-29,105155.19,105252.92,102321.08,102418.81,764725
2024-07-30,101441.53,103200.63,100268.8,100855.16,593505
2024-07-31,101246.07,102125.62,99975.61,101636.98,517504
2024-08-01,102027.89,102711.99,101343.8,101343.8,365094
2024-08-02,99486.97,99975.61,96555.14,96848.32,730066
2024-08-05,95284.67,95284.67,84534.61,87661.9,1343825
2024-08-06,89030.09,90789.2,87075.54,87857.36,1402579
2024-08-07,88150.54,93525.57,87955.08,92548.29,941118
2024-08-08,91375.55,93134.66,90007.36,91961.92,746389
2024-08-09,94307.4,94796.04,91864.2,92059.66,457079
2024-08-12,92255.12,94014.22,92157.39,93427.85,297869
2024-08-13,93330.11,93916.48,92352.83,92646.02,346547
2024-08-14,93818.76,94307.4,92352.84,93427.85,397437
2024-08-16,95089.21,96750.59,94405.12,94405.12,478530
2024-08-19,95089.23,96261.96,94600.59,95186.95,483361
2024-08-20,95968.78,96261.96,94698.31,95186.95,285409
2024-08-21,94502.84,95871.03,93818.74,95382.39,265101
2024-08-22,95968.77,96652.87,95382.41,95871.05,265019
2024-08-23,95480.14,96750.6,94991.5,96457.41,267411
2024-08-26,97043.78,97239.24,96066.5,96946.05,237816
2024-08-27,97141.51,97141.51,96066.5,96359.69,207580
2024-08-28,96652.87,96848.32,94893.77,96066.5,264327
2024-08-29,96066.5,96261.95,94893.76,95089.22,327033
2024-08-30,97727.86,102125.61,97141.49,97141.49,1141903
2024-09-02,97630.14,100073.34,95968.77,99291.52,511432
2024-09-03,99780.15,100561.97,99389.24,99682.42,381699
2024-09-04,97239.23,100268.79,97043.77,98411.96,729415
2024-09-05,99682.43,103102.91,99486.98,101734.72,947316
2024-09-06,102027.89,102027.89,98509.69,98509.69,655369
2024-09-09,97532.41,101343.8,97434.69,101050.62,508309
2024-09-10,101930.18,102418.82,99877.89,99877.89,487322
2024-09-11,100952.89,102125.63,98998.33,99780.16,328650
2024-09-12,100757.44,101246.08,98802.88,100073.34,524435
2024-09-13,100268.79,102907.44,99975.61,102027.89,539926
2024-09-19,104959.74,108477.94,104959.74,107012.02,1336983
2024-09-20,106034.74,107891.57,105252.92,107598.39,719401
2024-09-23,107891.57,109846.13,106718.84,108380.21,462772
2024-09-24,107989.29,111018.85,106327.92,110921.12,704111
2024-09-25,111116.58,111116.58,103102.9,103200.62,1038510
2024-09-26,104177.9,105448.37,103689.27,105448.37,535114
2024-09-27,105252.91,107109.74,104080.18,104080.18,417394
2024-09-30,104959.73,105252.91,101930.16,101930.16,406956
2024-10-02,100952.89,103298.36,100268.8,100659.71,444424
2024-10-04,101734.71,104471.09,101246.07,103493.81,409224
2024-10-07,103396.08,103493.81,100659.7,101343.8,542298
2024-10-08,101539.26,101636.98,95773.31,95773.31,1185008
2024-10-10,95773.32,96164.23,94502.85,94991.49,675353
2024-10-11,96066.49,97923.32,96066.49,96261.95,499239
2024-10-14,96750.58,97141.5,96066.49,96261.95,287959
2024-10-15,96457.4,97141.5,96066.49,96164.22,348089
2024-10-16,95089.22,95773.31,94405.12,95284.67,449341
2024-10-17,96066.49,96457.4,95089.21,95382.39,250163
2024-10-18,95871.04,95871.04,94893.76,95089.22,159454
2024-10-21,96066.5,96652.87,94991.49,94991.49,182074
2024-10-22,94796.04,95186.95,92157.39,94111.95,469583
2024-10-23,94991.49,98021.06,94991.49,97239.23,653627
2024-10-24,97239.23,97239.23,94502.85,94991.49,295597
2024-10-25,95186.94,95186.94,89616.46,90007.37,1000018
2024-10-28,90496.01,90691.47,89421.0,90300.55,490122
2024-10-29,90691.46,90789.19,89127.82,89323.27,473930
2024-10-30,89616.46,90300.55,89421.0,89421.0,295828
2024-10-31,89421.0,89811.91,87466.45,87466.45,774675
2024-11-01,87759.63,89518.73,87173.26,88736.91,393593
2024-11-04,88932.36,90202.82,88345.99,90202.82,282767
2024-11-05,89030.09,90496.01,88932.36,89811.91,238250
2024-11-06,90202.82,90984.65,89225.55,89323.27,310599
2024-11-07,88932.36,90593.74,88443.72,89323.27,281873
2024-11-08,90398.28,90398.28,88932.36,89127.82,231867
2024-11-11,89030.09,89518.73,87564.18,87857.36,329411
2024-11-12,87466.43,87661.89,85707.33,85902.79,397600
2024-11-13,85120.98,87075.53,85120.98,85707.34,337930
2024-11-14,86293.71,87661.9,85414.16,87661.9,392933
2024-11-15,87661.9,87661.9,86098.25,86489.16,270178
2024-11-18,86293.71,88736.91,86195.98,88052.81,295260
2024-11-19,88052.81,89714.18,88052.81,88736.91,266403
2024-11-20,88736.91,91473.29,88736.91,90886.92,420244
2024-11-21,91180.1,91375.56,90105.1,90496.01,289613
2024-11-22,91277.84,91766.48,90496.01,91180.11,273486
2024-11-25,92059.66,94209.67,91375.56,92059.66,677582
2024-11-26,91375.56,93036.94,91180.11,92352.84,224277
2024-11-27,93036.93,93330.11,89616.46,90007.37,391819
2024-11-28,90007.37,90398.28,89225.55,89811.91,234710
2024-11-29,89909.64,90007.37,87466.44,87661.9,538059
2024-12-02,88052.81,88150.53,85707.34,86195.98,556888
2024-12-03,87075.54,87564.18,86195.99,86977.81,354051
2024-12-04,85023.24,86000.52,84632.33,85316.42,544557
2024-12-05,85414.16,85609.61,83850.51,84045.97,397776
2024-12-06,84045.96,84632.33,81407.31,83166.41,455580
2024-12-09,81993.69,82482.33,80430.04,81309.59,567362
2024-12-10,81211.85,83068.68,81016.4,82384.59,965339
2024-12-11,82384.6,84143.71,82091.42,83948.25,273017
2024-12-12,84436.88,86195.98,83948.24,85805.07,634491
2024-12-13,85609.62,86782.35,85609.62,86293.71,272310
2024-12-16,86782.35,86880.08,85414.16,85805.07,276988
2024-12-17,85414.16,86098.25,84730.06,84827.79,371618
2024-12-18,85707.34,90202.82,85707.34,89421.0,795521
2024-12-19,87466.44,88345.99,86000.52,86195.98,455731
2024-12-20,85805.08,86000.53,83655.06,84241.43,427186
2024-12-23,84436.88,85316.43,84339.15,84925.52,259210
2024-12-24,85609.61,85707.34,84730.06,84925.52,151067
2024-12-26,85023.24,85218.7,83361.87,83752.78,255019
2024-12-27,83068.69,83752.79,81798.23,82580.05,292642
2024-12-30,82091.42,82970.97,81602.78,81602.78,261914
2025-01-02,81602.77,82482.33,80820.95,82091.41,257663
2025-01-03,81993.68,83752.78,81993.68,83166.41,252319
2025-01-06,83948.24,83948.24,82482.32,83459.6,438799
2025-01-07,84730.06,86489.16,83655.05,83655.05,753370
2025-01-08,83655.05,86293.71,83557.33,84827.79,447480
2025-01-09,84827.79,85511.89,83557.33,83850.52,573671
2025-01-10,83752.79,84339.15,83655.06,83850.52,344963
2025-01-13,83655.05,83752.78,82091.4,82384.59,464331
2025-01-14,82677.77,82775.5,82189.13,82384.59,253992
2025-01-15,82775.5,83557.32,82286.86,82384.59,320655
2025-01-16,83166.41,83850.51,82970.96,83166.41,301418
2025-01-17,83068.68,83361.86,81602.76,81798.22,390497
2025-01-20,82091.42,82482.33,81895.96,82189.15,236456
2025-01-21,82384.59,82873.23,81993.67,82384.59,352784
2025-01-22,83166.41,87270.98,82482.32,84436.88,1314488
2025-01-23,84730.07,84827.8,82580.05,82580.05,515475
2025-01-24,82970.96,86684.62,82580.05,83166.41,1001032
2025-01-31,82970.95,83068.68,81895.95,82286.86,506930
2025-02-03,81211.86,81309.59,75836.83,76423.2,1326733
2025-02-04,77791.37,77889.1,76325.46,76618.64,629803
2025-02-05,77302.75,78475.48,77107.29,78084.57,434946
2025-02-06,78573.2,78768.66,77693.65,78768.66,401172
2025-02-07,78182.29,78573.21,77693.65,77791.38,328226
2025-02-10,77107.29,77595.93,75934.56,77302.75,588765
2025-02-11,77595.93,78084.57,76423.19,77889.11,426719
2025-02-12,77595.93,78084.57,77009.57,77302.75,440372
2025-02-13,77498.2,77986.84,77009.56,77693.66,749206
2025-02-14,77889.11,78377.75,77107.29,77693.66,771963
2025-02-17,77693.66,78182.3,77400.47,77595.93,539176
2025-02-18,77693.65,77986.84,76716.37,77889.11,690231
2025-02-19,78084.57,80625.49,78084.57,79648.21,1086060
2025-02-20,79941.39,80918.67,79452.75,80625.48,526344
2025-02-21,80723.21,81407.31,79648.21,80527.76,467758
2025-02-24,80527.76,82091.41,80430.03,81505.04,532688
2025-02-25,81211.87,81407.33,80430.05,80430.05,340039
2025-02-26,80430.05,80918.69,79843.68,80430.05,261915
2025-02-27,81309.59,82482.33,80332.32,80723.23,514180
2025-02-28,79550.49,79941.4,77107.29,77107.29,856333
2025-03-04,76423.2,77498.2,76227.74,76423.2,420402
2025-03-05,76716.38,77498.2,76325.47,76814.11,337995
2025-03-06,77302.74,78377.75,77107.29,77693.66,347224
2025-03-07,77107.29,77107.29,76032.29,76130.02,621586
2025-03-10,76130.02,76911.84,75543.65,76716.38,480479
2025-03-11,75152.73,80820.95,73882.27,79941.4,1312797
2025-03-12,80820.95,82775.51,80039.13,80332.31,860939
2025-03-13,80527.77,80723.22,78280.03,78670.94,638383
2025-03-14,79061.85,80430.04,78084.57,78670.94,448426
2025-03-17,80332.31,82482.33,79355.04,80234.59,786495
2025-03-18,80430.04,80918.68,78670.93,78866.39,579314
2025-03-19,79745.94,80527.76,79257.3,80039.12,574156
2025-03-20,80527.76,81700.49,80039.12,80918.67,641530
2025-03-21,81407.31,82091.41,80625.49,81505.04,638764
2025-03-24,81114.13,81114.13,79941.4,79941.4,250685
2025-03-25,80430.03,81407.31,80430.03,80918.67,271450
2025-03-26,81798.22,83459.59,81602.76,82873.23,731000
2025-03-27,81993.68,81993.68,80430.03,80527.76,376636
2025-03-28,80822.74,80822.74,78266.3,78659.6,520309
2025-03-31,76988.08,77086.4,75808.18,75906.51,527303
2025-04-01,76594.79,77086.41,75709.87,76594.79,356143
2025-04-02,76791.44,77086.41,75414.89,76103.16,329645
2025-04-03,74529.97,74529.97,71383.59,71678.56,1574127
2025-04-04,69810.39,72366.83,69810.39,71580.23,564805
2025-04-07,69613.75,70007.04,66860.66,66958.98,1004618
2025-04-08,67942.22,68335.52,65680.76,65779.09,752667
2025-04-09,64697.52,65779.09,63026.0,63615.95,638901
2025-04-10,68335.52,68925.46,66860.65,67548.92,1023079
2025-04-11,66074.06,66958.98,65582.43,66762.33,536366
2025-04-14,67745.58,68532.18,67155.63,67843.91,587316
2025-04-15,68433.84,69810.39,68433.84,68827.14,389352
2025-04-16,68728.82,69613.74,68138.88,68138.88,311088
2025-04-17,68138.87,68630.5,67745.58,68532.17,245961
2025-04-18,68630.5,69023.79,68237.2,68925.47,174771
2025-04-21,69023.8,69613.74,68335.52,69220.45,172887
2025-04-22,68630.5,69023.8,68335.53,68630.5,195443
2025-04-23,69810.39,70302.02,69122.12,70105.37,395586
2025-04-24,70105.36,70203.69,68532.17,69122.12,366155
2025-04-25,70007.05,71383.59,69613.75,70400.34,555142
2025-04-28,70302.02,70596.99,69712.07,69810.4,244338
2025-04-29,70007.05,71088.61,69908.72,70596.99,339323
2025-04-30,70105.37,70793.64,69515.42,70203.7,287038
2025-05-02,69810.4,70007.05,69220.45,69417.1,202511
2025-05-07,70793.64,70793.64,69613.75,70007.05,335932
2025-05-08,70007.05,70302.02,69613.75,69613.75,367397
2025-05-09,70007.04,70007.04,69318.77,69908.72,261129
2025-05-12,70302.02,71580.23,70105.37,71580.23,342148
2025-05-13,71875.22,72268.51,71285.27,71776.89,379984
2025-05-14,72366.84,72366.84,70400.35,71285.27,451096
2025-05-15,70793.64,71383.59,70302.02,70400.34,233079
2025-05-16,70596.99,70891.96,69613.74,70105.37,183904
2025-05-19,69417.09,70007.04,68827.14,69122.12,218924
2025-05-20,69712.07,70203.69,68925.48,69318.77,227059
2025-05-21,69318.77,69613.74,68925.47,69122.12,240943
2025-05-22,68925.47,69417.09,68532.17,69122.12,316537
2025-05-23,69220.44,69712.06,68827.14,68827.14,209927
2025-05-26,68827.15,70400.34,68433.85,70400.34,239182
2025-05-27,69613.75,69712.07,67155.63,67843.91,631617
2025-05-28,68335.53,70302.02,68138.88,70007.05,561303
2025-05-29,70596.99,71088.61,69810.4,70990.29,371386
2025-05-30,70596.99,71088.61,69613.75,69908.72,592255
2025-06-02,69613.75,70203.7,69417.1,69613.75,251758
2025-06-04,70302.02,71383.59,69908.72,70105.37,593895
2025-06-05,70400.34,71580.24,70400.34,71186.94,458239
2025-06-09,71776.89,72366.83,71481.91,71678.56,452130
2025-06-10,72465.16,73350.08,71383.59,72465.16,640483
2025-06-11,72760.13,73350.08,72170.18,73350.08,514323
2025-06-12,75119.92,75218.24,73645.05,73940.02,897232
2025-06-13,72956.78,73448.4,70596.99,70990.29,931983
2025-06-16,70203.69,70793.64,69417.1,70793.64,394654
2025-06-17,70990.29,72268.51,70596.99,70990.29,451460
2025-06-18,70596.99,73251.76,70302.02,72563.48,559285
2025-06-19,72956.77,73055.1,71383.58,71875.2,388030
2025-06-20,72071.85,72760.12,71580.23,72760.12,529685
2025-06-23,71580.24,77184.74,70302.02,73448.41,1370349
2025-06-24,75316.56,76299.81,74529.97,74923.27,1168788
2025-06-25,75513.22,75709.87,73743.38,74824.95,514310
2025-06-26,74923.27,74923.27,73055.11,73448.41,393009
2025-06-27,73546.72,73940.02,72465.16,72858.45,434975
2025-06-30,73055.11,73546.73,72465.16,72563.48,422420
2025-07-01,73055.1,75513.21,72956.78,74136.67,655170
2025-07-02,74136.67,74923.27,73350.07,74923.27,419986
2025-07-03,75414.9,76693.11,74726.62,76594.79,704594
2025-07-04,77283.05,79446.19,75906.51,75906.51,922122
2025-07-07,75709.86,75709.86,72760.13,72858.45,791075
2025-07-08,72366.83,73350.07,71776.88,72366.83,707380
2025-07-09,72563.48,72858.45,71973.53,72465.16,360540
2025-07-10,73743.37,74726.62,73153.43,74136.67,623424
2025-07-11,74136.67,74824.94,73546.72,74038.34,332192
2025-07-14,74529.96,79544.51,74431.64,75906.51,1769412
2025-07-15,75808.19,76103.16,74923.27,75611.54,478176
2025-07-16,75316.57,75513.21,74136.67,74136.67,531088
2025-07-17,74726.62,74923.27,73350.07,74726.62,375098
2025-07-18,74923.27,75316.56,74431.64,74923.27,268217
2025-07-21,74824.94,75709.86,74529.97,75316.56,277303
2025-07-22,75906.51,77676.35,75119.92,75611.54,893819
2025-07-23,76398.14,78167.98,75808.19,77774.68,1017097
2025-07-24,77676.36,77774.68,76103.17,76594.79,628366
2025-07-25,77676.35,77676.35,75513.21,75808.19,431257
2025-07-28,76103.16,77086.41,75611.54,76496.46,374976
2025-07-29,76103.16,76496.46,75119.92,76103.16,357009
2025-07-30,75906.52,78167.98,75709.87,77381.38,779571
2025-07-31,78561.28,78659.6,75611.54,76103.16,735716
2025-08-01,75513.22,76201.49,73743.38,73743.38,600252
2025-08-04,74235.0,74726.62,73546.72,74529.97,245078
2025-08-05,74923.26,76004.83,74824.94,75316.56,355246
2025-08-06,74824.94,76103.16,74824.94,75611.54,254054
2025-08-07,76205.35,76601.22,75611.54,76403.28,250257
2025-08-08,76304.32,76601.22,75809.48,76106.38,271831
2025-08-11,76205.34,77293.99,75809.47,75809.47,348955
2025-08-12,75710.51,76304.32,75116.7,75116.7,314487
2025-08-13,75611.54,78085.74,75215.67,77491.93,838607
2025-08-14,77689.87,77689.87,76205.35,76403.28,367302
2025-08-18,76403.29,76898.13,75908.45,76007.41,287958
2025-08-19,76106.38,76304.32,74819.8,75710.51,307306
2025-08-20,75413.61,76007.41,74621.86,75908.45,373742
2025-08-21,76106.37,76106.37,74918.76,75017.73,359488
2025-08-22,75215.67,76007.41,74225.99,74522.89,378845
2025-08-25,75017.74,75215.67,74720.83,75116.7,174807
2025-08-26,74819.79,75908.44,74522.89,74522.89,416636
2025-08-27,75017.74,75017.74,74324.96,74423.93,263165
2025-08-28,74522.9,74720.83,74127.03,74423.93,280205
2025-08-29,74621.86,74720.82,72840.43,73137.34,546283
2025-09-01,73137.34,73137.34,71256.95,71454.88,348361
2025-09-02,71454.89,72147.66,71256.95,72147.66,401821
2025-09-03,72048.69,73731.15,72048.69,73632.18,309645
2025-09-04,73335.27,75116.7,73236.31,74522.89,531146
2025-09-05,74819.8,74918.77,73929.09,74324.96,226879
2025-09-08,74324.96,74621.87,73929.09,74423.93,183302
2025-09-09,74522.89,75017.73,73929.09,74819.8,268395
2025-09-10,74819.79,75413.6,74225.98,75017.73,332791
2025-09-11,75116.7,75809.48,74819.8,75116.7,473494
2025-09-12,75512.58,76601.22,75413.61,76205.35,476178
2025-09-15,76205.34,76898.12,76007.41,76304.31,375754
2025-09-16,76403.29,76700.19,76007.42,76205.35,375476
2025-09-17,76601.22,77986.77,76403.29,77096.06,703739
2025-09-18,80460.97,82935.17,79174.38,81252.71,3742513
2025-09-22,79273.36,80757.88,78877.48,78877.48,641705
2025-09-23,79867.16,80065.1,77887.8,78580.58,729541
2025-09-24,78283.67,78283.67,76205.34,77195.02,635037
2025-09-25,76700.19,77392.97,76601.22,77096.06,424766
2025-09-26,76403.28,76601.22,75215.67,75512.57,548336
2025-09-29,76205.35,76898.13,75611.54,75908.45,318695
2025-09-30,75710.51,75710.51,74225.99,74819.8,846132
2025-10-01,75314.64,75512.58,74225.99,74324.96,305645
2025-10-02,75116.7,76205.35,74869.28,75611.54,814910
2025-10-10,76799.15,78283.67,76106.38,78184.7,955851
2025-10-13,76997.09,80460.97,76205.35,80164.07,1378387
2025-10-14,80658.9,82935.17,80263.03,82143.42,1742436
2025-10-15,82638.26,83627.94,81747.55,83430.01,788790
2025-10-16,82242.39,83528.97,82242.39,83034.13,628316
2025-10-17,82440.33,83825.89,82242.4,83331.05,556190
2025-10-20,84914.52,90456.73,84815.56,90060.86,2111530
2025-10-21,90456.73,90951.57,87685.63,88279.44,1062670
2025-10-22,89071.19,89170.16,86695.96,88675.32,605113
2025-10-23,87685.63,90258.8,87388.73,89269.12,756369
2025-10-24,89467.06,89566.03,85508.34,87091.83,1159776
2025-10-27,87289.76,89862.93,87190.8,88081.51,579322
2025-10-28,88180.48,88279.44,87190.8,88180.48,460279
2025-10-29,88774.28,88774.28,87190.79,87883.57,705875
2025-10-30,88180.47,89269.12,86201.11,86695.95,752690
2025-10-31,85904.21,87586.66,85409.37,86695.95,1104075
2025-11-03,87784.6,89269.12,86992.86,87685.63,927485
2025-11-04,87685.63,90357.77,87388.73,87586.66,932443
2025-11-05,87091.82,87091.82,82539.29,86201.11,912444
2025-11-06,88180.47,92337.13,87784.6,90753.64,2254077
2025-11-07,90159.83,90159.83,86695.95,87388.73,1113728
2025-11-10,88081.51,89467.06,85805.25,88675.32,702948
2025-11-11,89368.09,91545.38,88873.25,89664.99,971144
2025-11-12,93524.75,93524.75,91050.55,91941.26,1023036
2025-11-13,91941.25,95207.2,90852.61,91545.38,1173916
2025-11-14,89664.99,91347.44,89071.18,89269.12,586352
2025-11-17,91050.55,91050.55,89467.06,90456.74,480706
2025-11-18,89763.96,90060.86,86596.99,86695.95,632417
2025-11-19,87586.66,87685.63,84122.78,86201.11,613143
2025-11-20,87982.54,88279.45,86399.05,86399.05,355910
2025-11-21,84320.73,85805.25,84023.82,85508.34,311895
2025-11-24,86596.99,86596.99,83133.11,83133.11,759352
2025-11-25,84914.53,86794.92,84221.75,84320.72,485683
2025-11-26,85310.4,85607.3,83825.88,85607.3,455906
2025-11-27,85706.27,86201.11,84122.78,84518.66,548757
2025-11-28,84914.53,85211.43,84023.82,84716.59,322741
2025-12-01,84914.53,85508.34,84221.75,84518.66,428509
2025-12-02,84914.53,86300.09,84617.63,86300.09,400432
2025-12-03,86300.08,89566.02,85904.21,88576.34,568024
2025-12-04,88972.22,94613.39,88081.51,93821.65,1757147
2025-12-05,97186.56,101442.18,96394.81,98671.08,2776901
2025-12-08,98671.08,98770.05,95108.23,96097.91,851551
2025-12-09,95998.94,95998.94,93821.65,94514.42,691477
2025-12-10,94811.33,94910.3,93029.91,93524.75,538045
2025-12-11,94910.3,95801.01,93722.68,93722.68,785399
2025-12-12,94712.36,95405.13,93821.65,95405.13,481346
2025-12-15,93722.68,96097.91,93227.84,94712.36,581279
2025-12-16,95108.23,95207.2,91842.29,92139.2,559341
2025-12-17,93029.91,95504.11,92436.1,95306.17,668159
2025-12-18,93029.91,93227.84,90555.71,92040.23,681180
2025-12-19,93128.87,93326.8,91743.32,93326.8,775883
2025-12-22,93821.65,93920.62,92040.23,92930.94,475361
2025-12-23,93128.87,93722.68,91545.38,91743.32,426912
2025-12-24,92238.16,93128.87,91545.38,91545.38,288895
2025-12-26,92436.1,92436.1,90555.7,90654.67,368644
2025-12-29,90357.77,90951.58,89368.09,90852.61,373276
2025-12-30,91050.54,91248.47,89961.89,90951.57,418596
2026-01-02,91248.49,91248.49,89862.93,90456.74,467181
2026-01-05,91545.39,93722.68,91446.42,92040.23,753679
2026-01-06,93029.91,95405.14,92040.23,93029.91,870410
2026-01-07,93029.91,93029.91,89862.93,91347.45,1018835
2026-01-08,91050.55,91941.26,90159.84,91248.48,767354
2026-01-09,91050.55,91248.48,86992.86,88180.48,1547720
2026-01-12,87982.54,88081.51,85706.28,87091.83,1165681
2026-01-13,87685.63,89862.93,87289.76,89862.93,1125930
2026-01-14,90951.57,96196.88,90159.83,91545.38,2215408
2026-01-15,91248.48,93425.78,90753.64,93029.91,1123935
2026-01-16,94118.56,102629.8,93326.81,97384.5,4653041
2026-01-19,96691.72,106489.55,94316.49,105796.77,3808484
2026-01-20,108073.04,108172.01,101046.31,103916.38,1913232
2026-01-21,101442.18,109359.62,100452.5,108172.01,2536425
2026-01-22,110448.27,110448.27,104312.26,105104.0,1726668
2026-01-23,105104.0,107479.23,103619.48,104510.19,1221871
2026-01-26,103817.42,103916.39,100650.44,101442.19,1442337
2026-01-27,100254.56,100353.53,98473.14,100254.56,1125191
2026-01-28,100947.34,101046.31,98770.05,98869.02,1273383
2026-01-29,99066.95,100452.5,96493.78,99858.7,1479925
2026-01-30,98967.98,101145.27,97780.36,98077.27,1139046
2026-02-02,97285.53,99165.92,94415.45,95603.07,1073877
2026-02-03,97681.4,99660.76,97087.59,99264.89,1037039
2026-02-04,99264.89,102728.77,99165.92,101739.09,1383130
2026-02-05,100749.41,101541.15,98473.15,99264.89,824988
2026-02-06,97285.53,98176.24,95009.27,98176.24,802143
2026-02-09,100155.6,102134.96,99066.96,101541.16,899239
2026-02-10,102233.93,103619.48,101442.18,102926.7,1117921
2026-02-11,105400.9,127371.79,105301.93,126580.05,13160492
2026-02-12,126481.08,126481.08,117771.9,120147.13,5121457
2026-02-13,116683.25,118464.68,114901.83,115990.48,2261854
2026-02-19,118761.58,121334.75,117771.9,119850.23,1916025
2026-02-20,119058.49,124798.63,119058.49,122324.43,1906702
2026-02-23,124105.85,138060.34,123215.14,131231.55,5519357
2026-02-24,133309.87,134398.52,127272.83,133111.94,1918668
2026-02-25,133012.96,133012.96,129845.98,131924.31,1265443
2026-02-26,140534.54,147561.26,139050.02,145186.03,4568151
2026-02-27,143206.66,150332.36,142118.02,144196.34,2611013
2026-03-03,138654.15,139841.76,125689.34,126283.15,2709473
2026-03-04,116782.22,121829.59,105598.84,107875.1,2558128
2026-03-05,117475.0,119454.36,112724.53,114209.05,1954025
2026-03-06,111338.98,118167.77,111338.98,116782.22,1179043
2026-03-09,109656.53,112526.6,106885.42,112229.7,1042771
2026-03-10,118068.8,118068.8,112130.72,114703.89,1051235
2026-03-11,117376.03,121235.79,115297.71,116683.26,1047058
2026-03-12,115099.76,116188.41,112625.56,112823.5,956070
2026-03-13,109458.59,113219.37,108666.85,111932.79,733098
2026-03-16,111734.85,115495.64,111141.05,113021.44,648220
2026-03-17,115693.58,116188.42,113318.34,113318.34,691353
2026-03-18,115198.73,119454.35,114604.92,118761.58,933385
2026-03-19,114703.89,116683.25,114011.12,115000.8,560434
2026-03-20,115792.55,119058.49,115297.71,116683.26,797591
2026-03-23,110151.36,112328.66,107875.1,108369.94,932229
2026-03-24,113021.44,114802.86,109755.49,113120.41,655877
2026-03-25,114901.83,116089.45,113021.44,113516.28,757815
2026-03-26,113120.4,114011.12,110052.4,111833.82,580950
2026-03-27,107974.07,111042.08,106588.52,110844.14,552035
2026-03-30,105409.14,108600.33,104312.17,108001.98,462366
2026-03-31,105010.24,107603.09,103314.92,105309.41,759539
2026-04-01,110395.38,112788.78,108899.51,112090.7,676738
2026-04-02,114982.72,116079.7,106905.01,108500.61,882435
2026-04-03,110495.1,111193.18,107004.74,108001.98,439721
2026-04-06,107802.53,109896.75,107503.36,109098.95,351253
2026-04-07,111093.46,114085.2,104711.07,106805.29,1090464
2026-04-08,113885.75,116977.22,112589.32,116378.87,1193144
2026-04-09,116777.77,120367.86,115381.62,116877.49,1188521
2026-04-10,118672.54,119570.06,116877.49,118074.19,608715
2026-04-13,114982.72,116478.59,114384.37,114982.72,469084
2026-04-14,117874.74,121065.94,117276.39,119669.79,679271
2026-04-15,123658.78,125952.45,120667.04,121863.73,970337
2026-04-16,122960.7,126650.52,122162.9,125653.27,862043
2026-04-17,125054.92,125254.37,122860.98,123858.23,519561
2026-04-20,123359.61,125453.83,122661.53,124157.41,448899
2026-04-21,125453.83,126650.52,124955.2,126251.62,600138
2026-04-22,125653.27,133531.54,125254.38,132434.56,1430607
2026-04-23,135526.04,135526.04,126251.63,129542.55,1201334
2026-04-24,130440.07,132534.29,125753.0,127149.15,815555
2026-04-27,128345.85,130838.97,126949.7,129642.27,628169
2026-04-28,141210.35,148589.98,138418.05,139614.75,3412120
2026-04-29,140811.45,141708.98,134229.61,135426.31,1519252
2026-04-30,139913.93,151282.56,138418.06,140512.28,4601367
2026-05-04,145797.7,145797.7,139913.93,142805.95,1517270
2026-05-06,146994.39,156567.97,146595.49,154473.75,3976159
2026-05-07,154573.48,155271.55,144600.99,148290.81,1943210
2026-05-08,147592.74,157964.12,145398.79,153675.95,2029897
2026-05-11,157166.32,158163.57,151581.73,156268.8,1761737
2026-05-12,160955.87,194363.69,159958.62,184391.2,10296997
2026-05-13,192269.46,194463.41,183393.95,190873.31,4385663
2026-05-14,201444.14,223882.22,200446.89,216402.86,4316463
2026-05-15,255295.55,265766.66,232358.84,239838.2,5856267
2026-05-18,248314.8,248813.43,211416.62,216402.86,3949389
2026-05-19,208923.5,213411.12,186884.32,191172.48,4689967
2026-05-20,188978.55,189576.9,174817.62,180501.94,3723283
2026-05-21,191770.83,234353.33,190474.41,234353.33,5319048
2026-05-22,240336.82,246818.93,227372.59,236347.83,4120471
2026-05-26,245323.07,248314.81,227372.6,238840.95,2749083
2026-05-27,243328.56,244824.43,229367.09,234353.33,2775873
2026-05-28,233854.7,242331.31,214408.36,224879.47,3018457
2026-05-29,254796.91,292193.72,247816.17,292193.72,9128469
2026-06-01,373968.07,379452.94,357513.48,379452.94,5176636
2026-06-02,421836.01,436794.73,329091.92,391419.94,10466703
2026-06-04,357014.85,360006.6,327097.41,327097.41,4294026
2026-06-05,319119.44,335075.41,293689.61,302166.22,6066192
2026-06-08,254298.3,291695.11,253799.68,267262.53,4274007
2026-06-09,273744.64,276237.76,227372.6,247317.56,5188949
2026-06-10,235350.59,250309.31,215904.25,223383.61,352
2026-06-11,209422.12,227372.59,206929.0,225378.09,3299797
2026-06-12,235849.2,246818.93,222386.35,224879.47,2953732
2026-06-15,233356.08,261279.03,231860.21,242829.94,2656201
2026-06-16,248813.44,249312.07,231361.6,233356.09,1602695
2026-06-17,228369.84,238840.94,223383.6,233854.7,1260211
2026-06-18,238840.95,241334.07,225378.1,227871.22,1541989
2026-06-19,228369.84,228868.47,204934.51,210918.0,2963743
2026-06-22,226375.34,240835.44,220391.86,226873.97,3353936
2026-06-23,227871.22,228369.84,200446.89,201444.14,1955116
2026-06-24,201942.77,208923.51,197654.6,203937.27,1449985
2026-06-25,209422.13,209920.75,199948.27,202441.39,1063971
2026-06-26,197554.87,200446.89,183393.94,195360.92,2018400
2026-06-29,195061.76,198053.51,185587.9,196158.73,1599058
2026-06-30,206430.38,206929.01,198751.57,202441.39,1364895
2026-07-01,201942.76,201942.76,189676.61,192768.08,1449121
2026-07-02,184490.92,198053.49,181598.9,191770.83,2074211
2026-07-03,189477.16,190773.58,176911.83,190474.41,1441814
2026-07-06,191471.66,193964.78,180900.83,185189.0,1044645
2026-07-07,181499.18,188579.64,174518.44,188579.64,1826162
2026-07-08,186884.32,205433.14,185887.07,195261.2,3314380
2026-07-09,194463.41,194862.31,174917.34,177510.19,2127439
2026-07-10,179205.51,185787.35,177609.91,181898.08,1319871
2026-07-13,184989.54,207926.25,183294.22,185089.27,2664002
2026-07-14,184690.38,187881.57,175316.24,184889.83,1853525
2026-07-15,190973.04,197355.42,189177.99,193466.16,1412397
2026-07-16,191471.66,192169.74,177011.57,178507.44,1389002
2026-07-20,171526.7,175216.52,166241.28,166739.91,1208377
2026-07-21,166041.83,174119.54,162352.01,172723.39,1151424
2026-07-22,179504.68,193765.33,178806.61,182197.25,1738718
2026-07-23,185488.17,186984.05,177909.09,186984.05,1096100
2026-07-24,181798.36,181898.08,167637.43,168734.41,1207025
2026-07-27,173222.02,176014.32,169033.58,171825.88,873829
2026-07-28,164645.68,167437.98,154872.65,157066.59,949737
2026-07-29,159360.27,161953.11,141509.52,150085.86,1652978
2026-07-30,143803.19,153975.12,143803.19,147592.73,1265580
2026-07-31,157066.6,161953.11,152080.35,161653.94,1754895
2026-08-03,157764.67,160556.96,153675.95,158363.02,754750
2026-08-04,159958.61,166839.62,156468.24,165044.58,1179360
2026-08-05,170429.73,180701.38,168534.96,179006.06,1343478
2026-08-06,176213.76,180701.38,171127.8,174717.89,910158
2026-08-07,186884.32,186984.04,177609.91,184490.92,1456931
2026-08-10,184092.03,190075.52,180402.21,189477.17,1054814
2026-08-11,187183.49,187183.49,181200.0,181200.0,800188
2026-08-12,184200.0,212500.0,184200.0,205000.0,3086187
2026-08-13,209500.0,211500.0,202500.0,206500.0,1210921
2026-08-14,212000.0,225000.0,206500.0,215000.0,1598040
2026-08-18,225500.0,231500.0,205500.0,208000.0,1525810
2026-08-19,198400.0,210500.0,197300.0,201500.0,858018
2026-08-20,204000.0,205500.0,200500.0,202500.0,552426
2026-08-21,197000.0,198300.0,191300.0,194500.0,858709
2026-08-24,197200.0,202000.0,194400.0,199800.0,646815
2026-08-25,196000.0,200500.0,188800.0,200500.0,565076
2026-08-26,200000.0,201500.0,196100.0,200500.0,538088
2026-08-27,204000.0,204500.0,197000.0,198300.0,517672
2026-08-28,199400.0,202000.0,197100.0,201500.0,535676
2026-08-31,196800.0,217000.0,193400.0,216500.0,1397090
2026-09-01,212500.0,212500.0,203000.0,206500.0,716877
2026-09-02,199900.0,204500.0,197500.0,200500.0,545922
2026-09-03,203000.0,205000.0,195100.0,199700.0,475176
2026-09-04,204000.0,206500.0,200500.0,201500.0,416253
2026-09-07,212500.0,225500.0,212500.0,214000.0,1672760
2026-09-08,215000.0,215500.0,205000.0,205000.0,596694
2026-09-09,207000.0,207500.0,201500.0,204500.0,474955
2026-09-10,207000.0,210500.0,204000.0,206500.0,661364
2026-09-11,200500.0,204500.0,198600.0,199500.0,715786
2026-09-14,196000.0,201000.0,192600.0,198200.0,515974
2026-09-15,198100.0,203500.0,196000.0,202000.0,454680
2026-09-16,199400.0,200500.0,197100.0,200000.0,393254
2026-09-17,199800.0,201000.0,197700.0,197900.0,396900
2026-09-18,202000.0,203000.0,197700.0,198400.0,844243
2026-09-21,199600.0,203500.0,198000.0,202500.0,497341
2026-09-22,211500.0,221000.0,209000.0,216500.0,1625088
2026-09-23,215500.0,216000.0,207000.0,209000.0,546536
2026-09-28,214500.0,220000.0,212000.0,214500.0,782917
2026-09-29,212000.0,215500.0,210000.0,213500.0,556167
2026-09-30,215000.0,221000.0,212000.0,212500.0,693785
2026-10-01,211000.0,212000.0,205000.0,211500.0,428556
2026-10-02,211500.0,216500.0,208500.0,216000.0,395945
2026-10-06,227000.0,235000.0,226000.0,232500.0,1262283
2026-10-07,231500.0,238000.0,207000.0,208000.0,1824551
2026-10-08,208000.0,208500.0,198800.0,201000.0,708532
